((("::render/step" .
   [1 0 0 0 0 0 0 0 0 0 0 0 0])
  ("graph" .
   [2 0 0 0 0])
  ("w" .
   [1])
  ("subject/BPA" .
   [1 0 0 0 0 0 0 0 0 0 0])
  ("get-all-step-syms" .
   [0 0 0 0 0 0 0 0 0 0 1 0 0 0 0 0 0])
  ("common/instrument-tests" .
   [1 0 0 0 0 0 0 0 0 0 0 0 0 0 0 0 0 0 0 0 0 0 0])
  ("s" .
   [1])
  ("string" .
   [1 0 0 0 0 0])
  ("spec/def" .
   [1 0 0 0 0 0 0 0])
  ("instrument" .
   [0 0 0 0 0 0 0 0 0 1])
  ("sym-or-syms" .
   [0 0 0 0 0 0 1 0 1 0 0])
  ("db/q" .
   [1 0 0 0])
  ("conn" .
   [4 0 0 0])
  ("?e2" .
   [1 0 0])
  ("testing-stuff.protocol-from" .
   [0 0 0 0 0 0 0 0 0 0 0 0 0 0 0 0 0 1 0 0 0 0 0 0 0 0 0])
  ("ns-unmap" .
   [0 0 0 0 0 0 1 0])
  ("java.lang.String" .
   [0 0 0 0 0 1 0 0 1 0 0 0 0 0 0 0])
  ("from" .
   [2 0 0 0])
  ("spec" .
   [10 0 0 0])
  ("From" .
   [1 0 0 0])
  ("extend-protocol" .
   [0 0 0 0 0 0 0 0 0 0 0 0 1 0 0])
  ("::recommend/step" .
   [0 0 0 0 0 0 0 0 0 0 1 0 0 0 0 0])
  ("def" .
   [2 0 0])
  ("stuff" .
   [1 0 0 0 0])
  ("thing" .
   [1 0 0 0 0])
  ("s/nilable" .
   [3 0 0 0 0 0 0 0 0])
  ("in" .
   [1 0])
  ("maps" .
   [1 0 0 0])
  ("merge-maps" .
   [2 0 0 0 0 0 0 0 0 0])
  ("?x" .
   [3 0])
  ("nil" .
   [3 0 0])
  ("?age" .
   [3 0 0 0])
  ("?e1" .
   [3 0 0])
  (":name" .
   [4 0 0 0 0])
  ("?name" .
   [1 0 0 0 0])
  ("::step-name" .
   [1 0 0 0 0 0 0 0 0 0 0])
  ("context" .
   [3 0 0 0 0 0 0])
  (":" .
   [1])
  ("::input" .
   [1 0 0 0 0 0 0])
  ("->" .
   [1 0])
  ("patient" .
   [3 0 0 0 0 0 0])
  (":organization-id" .
   [0 0 0 0 0 1 0 0 0 0 0 0 0 0 0 0])
  ("organization" .
   [0 0 0 0 0 0 0 0 0 0 0 1])
  ("e" .
   [1])
  ("return" .
   [0 0 1 0 0 0])
  ("sleep" .
   [1 0 0 0 0])
  ("MyClass" .
   [1 0 0 0 0 0 0])
  ("Thread" .
   [3 0 0 0 0 0])
  ("processJob" .
   [0 0 0 0 0 0 0 1 1 0])
  ("join" .
   [1 0 0 0])
  ("Exception" .
   [1 0 0 0 0 0 0 0 0])
  (":move" .
   [1 0 0 0 0])
  (":end" .
   [1 0 0 0])))
